1706083815
101706083815
211706083815
301706083815
401706083815
501706083815
601706083815
711706083815
811706083815
911706083815
1011706083815
1111706083815
1211706083815
1311706083815
1411706083815
1511706083815
1611706083815
1711706083815
1811706083815
1901706083815
2011706083815
2101706083815
2201706083815
2311706083815
2411706083815
2501706083815
2611706083815
2701706083815
2811706083815
2901706083815
3001706083815
3101706083815
3211706083815
3311706083815
3411706083815
3501706083815
3601706083815
3701706083815
3811706083815
3911706083815
4001706083815
4111706083815
4211706083815
4311706083815
4401706083815
4501706083815
4601706083815
4701706083815
4811706083815
4911706083815
5001706083815
5101706083815
5201706083815
5311706083815
5411706083815
5501706083815
5601706083815
5711706083815
5801706083815
5901706083815
6011706083815
6101706083815
6211706083815
6301706083815
6411706083815
6501706083815
6601706083815
6701706083815
6811706083815
6901706083815
7001706083815
7101706083815
7211706083815
7311706083815
7401706083815
7511706083815
7611706083815
7701706083815
7811706083815
7901706083815
8001706083815
8111706083815
8211706083815
8311706083815
8411706083815
8501706083815
8611706083815
8711706083815
8801706083815
8901706083815
9011706083815
9111706083815
9211706083815
9301706083815
9411706083815
9501706083815
9611706083815
9701706083815
9811706083815
9911706083815
