11706082756
111706082756
211706082756
311706082756
411706082756
511706082756
611706082756
711706082756
811706082756
911706082756
1011706082756
1111706082756
1211706082756
1311706082756
1411706082756
1511706082756
1611706082756
1711706082756
1811706082756
1911706082756
2011706082756
2111706082756
2211706082756
2311706082756
2411706082756
2511706082756
2611706082756
2711706082756
2811706082756
2911706082756
3011706082756
3111706082756
3211706082756
3311706082756
3411706082756
3511706082756
3611706082756
3711706082756
3811706082756
3911706082756
4011706082756
4111706082756
4211706082756
4311706082756
4411706082756
4511706082756
4611706082756
4711706082756
4811706082756
4911706082756
