354094167318067646604820593957174047835030182833042577798575408663010212822766
626925441963118680112817666579274805341250977125543191104331702849500741785266
378781685974712206455789534047759113172009178272606579327003402684977898662576
39534898706543129661253894536595489663192766798597245328299245582539746549206
615379441600650716109530786200628979999022148735371678863762965935311395007726
884777413735645680285206934331551588247336938773311849716286514628017191240056
57489930494688300768347706236982339249498447249094209626946650266986228176056
992874952772385479564108514997612746526954706915484374733054097975279879773586
41356780467896659958912747395061558041342720801511309469673343708249974566236
261063674900663677485354019470809711128973823200263933125984307502826003138626
474509965089152145369602141753463070415775928056786527386347805601181367070796
1085792620732415611522619386537941582251013757894872494988648427651230584662786
875870981011903120313359907263416114768836862509908694524997762957034117400626
54587285106878073350693301604744798330583491994889427560233356760933230957406
445488814747399284540356517312460516587658850516706276308872785801227578461136
223679152012890181768231510690489809126016068587383614135138313208881385723576
633731313272067598344995718806404855078319633331418284533688328387409485613586
636091770004797219184144069302426760416511644097096556466040595924993139729436
642831959327279013380110065536228352212824099670342114475354514982051947528816
521038736380926906086719694879970074740550564416928578577100788876782114328376
755667716962008340414405751281801105161692361401594156409612925826527382175096
52661637329670136965482172574462100256438051050454702090096951570937783293976
209666423050775488461979269549066690917030581766268988612502996372492922944946
775990896975904395883746445695126120642643423561981588216311940618526038419686
904476893659817050606863807624833457769537507219725484318687541541460653631486
664027244629863104960307655811446516455189723340657696056711845054056009103406
963025501948281712053316287352387881370063683456295673470476804343979986748536
851872575341755842209115098630236859538168446804358603157250527159437303180656
615669777090909794683360683974741510936919801164189495435418373460304350609456
704818182537062045288962449251030773619105600638392723435768803126919156356116
79252218694682514605570935512445740636865024583734517011819398445386025760696
640505761386927932230736084194492485870010299219445523520567705787029429670166
252206849559990366687722909039843632835954270538045137682816908504604399893076
28820036689245832297425639522527294633004682322671448696425139309615477438766
995425608764213992815492808010512965290929960106128048442166562523474490924696
655794798777283191559858470787621950495303897215021676872172258572542089818566
703920577504977959986287077552859733366841982915016449888295294169471470139576
206033271597398385744733144139367295286139359726017764948142563207289036960846
402166032539268577683550315178156799917237354886590027783501455166344071393636
1066937302451360695766398313043548092308128444713981210531438693244709163614556
471044251061788437591727543362741578209365798196082534943359201708747664423626
407810101162159090044729178037886627982766723386923756259617498653002534405996
449323126429748632859339853666641432296053857440284675632874541564615418604976
411772127723763923093343287267278954792596700845164687863895838299416842254196
925617369996903510745875330175038728152838211313396198267006995007081683919666
1005803974400868303102494265953987727168285777641913983930886776639878906883326
447365839434954101853429698419275765026560538311603854690283298545293253997206
71871100131871933824601072114878315741903143663106903151389186852000975552016
479807607154653270334499335833738848659418258247616408946160662615817698836846
139839730675896019414911269279752518830189848927977455296490427945304603239356
759265185342004815051709337573274491162614738531680074797396797013645027941446
812936079306301637620259831831868279507875168052174131287330575481560829992626
554304321212167155703903101108042531720190646150359211346674711536764181264476
963069467975424076906136900158260253286438723997629327015478310071836768481076
1154628161667433511251519540602346997147458530491897443246848445002116736048816
781967990365584337430276255480559559788919150601358997856198848403159985937486
119149387606174897026628763147151426471762266346975196706711395327465562217666
383543276723418356087071285447367173340001502861226372515874470931964591912726
199276647799270566212132508005665212173037477189843893668471083612834301023286
322804542185275588447978342331256142417708527488232048352244971562504697101396
1139675680505023485249580589089518017575106375088634913635121896520145285069236
892349561069535441473017142710470495776522462139461883221425895887255388380766
881865711951173931239185056165759481748605445682427249795672178146265005387976
400469733162646478949720870890380899817234543395024479667598735084385969738836
940992587109237462448710739897069408167883115801623061220079608417977304281726
872065124967550144451286566927525719915057202380354593987689065831727543138356
690617644503601683330685374520206346918385478842203870329648880178992083916
541435070515912482570977132315545778466862692582920115710797715941837211068456
885963056126702788003004421492856129519899332570773258552311411751440581820126
652334806727872951410912397431444117009868656825472340171817260851270986001826
653009126416989372117135955182119245150192966459814718155051681766561145410076
373484593311381870766657533707585189232129709122106014957899338766126575645436
921973080017785316038224133318992954774618897324396896810916088669860016563266
621253971008515783226705457689945842575887252322925453865674719254646323878676
363038260361582891741192412142447920914381234004260667530484409586884072459736
1126912981048402607298221780985980198407799980793140244362974424168806290828296
484254127773054240643051580195394351178050504084714842481373927141991775580196
459279451622515344995436869783025928369801563104395489613383571449626832627796
399120718714808583688857217815116251587412159774087066082364161806253431535986
1067062288307548034628168017316540631289070053153847623191118761613869328348706
1098066316878917640594492110182143166226552873425951083489095893821864414213966
4455012418950408221603609460386663960418907473710093128074342404321428434886
618110290218061296714307366552107131952335753238787046906280599396612920575566
225305465170239544763031383741621607475658328513444480638513214810846045242686
1121838609085827198944347338259047153200990848875212560546284730291728558981746
224844552642042896675275222086087112995179260361703069812309322229787139560696
354247945915609705001984429433705780445376555655906488290958727535414890163066
908732435010375112322877945337702542121885253472610928273520724223812824959356
794991044940444945877903337392128508771813463880993463169138496503363904295106
276859649613622452361154002040358941902469819241622543782536607540771914664966
316562749255381431106199165124702092386025907198728361047324546811130991864016
636827122364335036742216722741812383322923810485623918205809151135266635366556
77812086303565086486226443538372687777951745515933360193676646147326842515696
140630515550185786221357876536607950013176469812593379872775720851796979763846
659874387826799371928304055405358768531907500513960326849225592383068018491166
250758394648790614436322496989087468242720904050349098442637718478276009626276
1071736402397439675505963453538121352582484447761224615837819059335138741407066
983302962545743251984597756426221935342592633011468223444192964645918710423976
449545957697053982518882757484255850950738124158873369489252711015745607354126
1147070855121696388676652378860871636575060981727679781657105324444785961624976
