798344455794628610262444490528945173023464303992723630345832802684319274786396
553223147761726895922828482371660002849653368584479462836238811565975651025766
1101248515808744895644116431231986707180495650465900934531606312854622598983446
281664814209009617549615887298242461963599906823173009531552629267124882774336
264736396924191649607906637271563650924210070504581676494118551784289553081246
187921851866774049595429383890865048929445006773703113996670854243803079690656
418124983073929017605652597202399196440628000499909444413850684111887093237246
313520449370642017108624673141384332899880597141504766502486641681730542581816
343562880439982770135806168006808293923671480010993224286873736512153813683696
1030363262857004356027158177128124253512708870040264607258164606603915061661646
915648575522223018493211482318007165697756332596468807235401512509368320156306
456562628683065347743682924129680224975684159380072453243077349151048652575746
584985924497538220678394814409243675787496715080043066717606978960956195512016
256621403702426894045967306998077099659940571966951007803107840839151407720566
829090342726231395756902025947749622215142565405098709487452482905543429938776
1077584604949163694536620405456773376912644465270653520521119395346883353133856
61736380009927662515083509625410929918462891617696480316340950253916838508566
612779643709727991677975945502005457304550821839022891573722108176558107537806
874934098628904005018974558406366620318081177195270230170038491627940609928076
406863390000972877662809205065901942113175253977698106499653584549942734154396
744894722114138028552496399514923083024423335607602906517886142099263416633516
631633043451098843498357624792344381175855692532306780379696609860176161808876
100738278179489342111711197256492241136970925168012524522125379855014371969866
162963124829486670235940913851590683566214915611176313778135552021222884045766
19596185567130074798580366154557645862898194142731483956359899177090022603376
1064844627528299577653922542968610177777083073138363583155501655916451227590706
715909988684264245442311391215739384212011731219975699371268829408123362757646
99148358857543504831589459135739154993741243171568774225723828592358418630796
226009967988239046729290026088570002259241434659103377956175956422672358020036
381471718230174508476845560621197402004740438396351148564808082731891744378746
265142488002782977513763333505055502114035444786106476029596911459497339175896
732785802901735709877692599039056536953556007867135707804867297185302883373696
1003305093877372752119300181531813590408267544558718812483922090878710296185496
756737337791018649600663035735540990761578093420440918038652997447453981526566
41987577651825627922114918677367848863015755730042734649524307921627479143196
780616026368924995799469976831482880952603968676663856069318308169563775815336
607916525324044382000182916017445791859334454665807210003848043211562408353526
101481446100713210536730663024731894362331281628706652000787694665606453045146
29011572761915291402654091656045023571842649431955316574742595891921437323746
426017116092935057658402924137317352094943737979184998207131968219603853971526
382843830946241841023752540171554508498788312243706689155509292050455521257726
620292325697118946453653762644215641447576102439248066654013905160168761504256
668243165809400424383149469154638978237177820426950564578021866163961128795336
255405332956024721761053290033941784618588378835583996976668958527834856975786
864989835587079837862847636247260312849411222797426901745644186033571582150416
199404505641455582210116284390696271076918037151670045495966270114220587756256
844111749920226012277806766503299377764418157220334902017254955957371811626456
866933165007495051792032770329463992928273305026140093250430415605444596049596
829807505767705926252863060118332400874490245615330160167128327791001769032326
645054550836322159803235272089232914987717813841430666929666605901712557140316
1112203997537962183745955835127392729953134850267093426662762378824695354055216
431694057481776547446219654980712628400866254598121879875315454459036597357466
792054670695570738853784304764922366725064225843354536167393379052679971481766
137961318899881036457537827274190889733772784068609590908517430255331770266446
901405129055315902033857121605973274024042546358807643204509510724280095089226
409404769030274475243307437671629474881960943842676905965124737578973038668346
690607374404420456321449300929356495768719440732197843641806179083161508722606
254018168324450290036560973349630264614962749092883850340302825987916696545916
1082410197637298454309716858524527264322521039225711693018550163681980815346146
1075489839168682724655687056143565781736282927306885422782355298705963408653806
662754298351734062888647776313428719987005041272986297436209679167259949185366
819688888649609622149525027684456182777939112667481021652765782325479791750866
236740273692407816486010211167407802498511613373113017761608168173551775097506
1108659049660163843483397665278535708978687401710809229020830610506199297204326
1083681761971981900997143871847172552246911823372410880585658534525020352614966
318154363099909923349048286440723488867164225163075796183010634502812146219936
386974578437833332528914808621342456693487660403144590644824658848507059663116
839982849488657965345224564212125106393489204782314852870410574246774556697176
1155832927724493023180017352257994975543019108872086503102755632856796784041876
552611671308210901558586592400460822356391219956966684032924446238583815766686
920045569452746878312320572190203072099067926307110539663253135042593309440656
877109450386311857694522733344003913984739839515358414394261476423140325345096
848179991753756145790615826086328671225851450108867767449044629999084770142876
1006173822441406684713764830764350224239799838857577662790112212822312299559086
1130424711333636414291957452884688428263436498566075271382512243435037735921606
694438031344466434652209319603003115798413423047860486232207151832170532167956
437570243586625197153022366727313322322837624950412324451233654744038367603266
97175506608620086935095551712458420355580691737545936243194746334138573213496
750004930245653494748803168030970539186099883335597575830068430740502991011366
221261802562215468757832260598235495677909316548126628725943922668544997478146
159719746331668132196332208363248990115891800890322912543647980150512418356136
39444946454993868380358893318606669241346239259271985678788385503450067210286
458977939710447596762903838976143693612024547315942130517147402826111654776806
375168148493988057144829839373908132146853821444936921277354506447616242603986
787399245972200984086783001749585942360581625952278694115879590951859277996106
215978841679570663429724249274551227874335667155545625066737233208577342945536
1110132204407401292309392866116237456727687737231696323685462381297670413826086
820860183434372721623909679091768913960751675072511065864498837000371066211206
276818748911868281651970690226214791033184654380658685341099472671874242684296
172714077280872361899429134304989529942028089610934820142136861098002177239856
235971345255116702028203505880451835777196112811279802114705639612443149739596
935898034618512758645407454244472930542781828092909771132125535094388380483076
9767340407784532307241120742651818234354350446279064054620644958671045352576
608543726984495307869171085271384141193525288633375434381775737045667703527066
249658656262901934155774401143542597876688896103968504537640427422548188323446
314547297915148611830161862347040934525783010464274638869252758064642872410016
394064273776880975882177818996974995226982851285873412723904553044397082244566
75856657255612673168879134430260885548003571479121015442313382632706470229236
4019134713307678399238763363743143488174316811841390015184379943516356052366
563724672207525137292833465923860230515810633609984970350983651216531429134096
