1133687448364175674411485886107888810241951457918901418867737858868297846410366
591233001984700806915119012015063337288851945533201811260881173420777248671336
229974542552232230307755324773688422730238843276221550483613464739951549401036
37799887245057723571783433442618169526698504890395367358574463288044547693046
915854246719252394477608935842813327895268308748471379908999958590451155525786
919244586040259813756378071389888298912795298514607463779968306730580456465676
983937454177450122123845758352615822762525923824733292927840240065500281684926
122678748439081980749826248247787462894224534457749842725594023745655201785156
1051853306666451201931969304105484342158498733432187507486609659215456313187116
651980274767818742780062704012987386287249118124910775629040269566975950735646
706404500017749461257478930093824582955373442106306901128317057192719615416976
57917056487833515858878897966136558962305446599131968671286891515692295132456
336834752482460312569265969373157625543380371631760954345813913482567728117496
555618589495131885534282553156280469104982616478129513493057406370771899746126
369050780812120187968965890877157008177543205446324641476762517448374497217286
148601353258808628216888730968069132528096321712143653605035657947340475775576
529332245393228448107634977561078620593871567775210681161492092695655489753486
417689760412600392523049990266756199080649221653687652702577562075830864336766
972169574758275610352449291234098611972330809661813432048441087489100916435866
1127552081828681639488434371784843510135751530999555778618455721293238661916476
129546829310495779517962226563351779357142935886757545704533623404594725492906
157512641080715944691694083623714187078326471811845568533223283064739564374506
796765668923035066763250060164313945574717117678359194348746238361484537606866
678222510212443160360418749177286479166217143189304771210848912813002149012976
940257880237435064236933080508229367947045847155700901169773608279172633518796
636730300547100628545252023717553117685777200934236741843846074207487163913376
386946263480508099602995778431515561628414677761337850326268434073168374077776
146320403684871066937041471432813965680792977757271205221519349653734597261416
632083668469863425802424503524873585037194897046093548921299559739198940907776
862817857657843008754607860132119497359367971353466416763259154665624663481266
722093591061905297518808785422302078047444988911871116808135623926395779361386
512761395807827045775515995683504565330219628900643036560436791769398566567736
82257605803806836173357747067142855282881362602393350585828314456093915929116
559138387623080309416689798852427222660064069308800051880324823623334524495096
1050889312005212799382865335274223501220977115678664072534484983989335482346406
237923909789100084559491188043717863660504642999114019837321158180698591842416
600971721518485921317024311431236441691269206589146192042737149668134000592386
16546162360751373459077288452710443580941400421771661759821492947181021120776
625430193654258528392584324246710542901574497419268115295311272468095579169526
620306162829906194688840966923634575174140283286444889739752030301258075702626
438410400870678387446553671781858154767198582474295528438001194900684683261486
716626179100623102700983714256794380069006553933137785905984813380672634806076
283197633842771336899792481901721917480605799961109685125467346837641575105786
409010771198055455907229886081533067988539927358817125040994647657951565602506
141044654018317027284443253687627237960653380346910760770786440258686023066646
434615839578818713179680864328980906588757361099467166092425906079101833081996
136517819276516342346780870997979792980192116355109901146931078700966127813896
139295969409211995489064695772266129804684158978382715383590854230144917751476
1123204399807151658940347291451332715097140289534913385890986918873321678795406
675819463622926543450815916936936983403158932605552120681920042442365437648306
686506816990006417581481480128061203284680185889570098343164124195143202073636
120829705570635599080908946787197741072006053465787638465547714949055473785506
999374398927769092925640435280114545127987084350511087675170793825486447543736
890792806787569117890710502942589212410326256864212559662698458077440771307136
858202759823032515058157892259901231833286933766277186890253832010191791938266
803097571358625447867382251361585842363256617804386515731877803584965658397466
531546543385953078020938180031930460221912807980367119465489181678198328028316
916539645261886655990597606525668064278697059045446510357625338085731886852186
266603467414937066730839924121897008620335582478148623797839634290376917361336
230366625664432625193918203593020014293302487360112190495722938352687172272286
424372654099596989435932733151214851978687011073154851489629524053301780070466
586500382750874361159332867233589791194263731380503534932872641146482323314706
216470795512606624702053280752274640803457707694193070997767204383890773891356
918014678787944426986678463544391341228778644823481287533693204643048269940056
1042344604666945751944602860258925833658534206354982613968715818731766750905026
1123530894530082323376263347902360733159967554232016492015133834440999483014656
581676341097846939921114323679510395520163280204198678791228600688282406725006
1036502305969852079539769457572583838921925856753288220805790823642453493863276
581369599579353463396020200995546646593799560639555499866682823991939967441866
614650986969280660919295564118579673479972112810308211477421345034107218576076
535748542421417023848894011441212360229718132937356653625376898690832791350076
40764786851663091877232075555308388295267825648915986021175966087450467580556
430592635757092403317124672266831402800165118564375450581982543010759766408176
883384456783537278842771148157165885514725414871759702885491029194558086387876
666274083815341568537855632657444872242171224186515791983353722365394087311726
1107143267826232894427828930988138996757900436237669432407591908623542690353066
136636400473139071208816370729791132217167579004965821877977755636520237576686
578063194996117131004919828169790276005019444379114667104882612448497962964526
281934420367387999149790769854422505422185620872982052072372182889756263405806
358340071732268285626415808220745788277673414781239802153118196981014821316246
1151522240359384291697331454094740992557768752557036935923176996370596924366496
929014799467350656970619015284368953885248287103972458997072850279702169099156
223126459928165167801982642247406206000142438977355948754894943612646043043346
189728813461573603304589127362003636538311331980454174588146407558048368701896
321642829404223307821554104111662547395547661475946805695427250469528160156776
35578987668209323650570443240873444031680881846932598179654147654422101639836
375514998114166478556059381368160566027417164956936542182590536626376963334766
837013847662099164234774693649033083357231958161246308336384599475261660547226
883998009803306379901464999244632915813411395262855484433427461265016562772026
303002167282124714194925219736855435174548819865947917006804115470449967921536
578407381383872455612382858156674493507090012120630219896839277683202020014796
1152831591206594408735490975391059266102970223742699435653849342299763814939536
202526528566384351220555509442197334094048177736392559574216093223882210464646
1006344125386511569084264493196482507339576999336628277471368918397009484494506
487173557918882251622352979118725790643524870700752937073352922002536966352696
433328539669054788070117308697598187929927729397112144200068210853418801045646
686935062316670561128938092501349080591005924238323079216943616665442425275156
745590996821397466705727926366525546806559985400004394010466721123721186620696
467304317030651454797234730553073089047015826199831887955234265008137540237876
892622155954777566277175776848966772824009298989945662530750928810085140072686
