784117601684072273813205895832522475924099497439230950941280954710556973041607
506189613564659684848270715844543718128537215582921341212340197326950990303848
620156396574221358262080442409924316397135990311752136449366650303670938534647
945506291021821044398828028396187626613413539283079264001663031081199748329934
213973126985356476863325029419652710112465614172439236867952089336462186704441
155544666646276202820391845523296797902908781710487714795266407254645212880011
1094228694000029979240739695335847309936042844385415242526779594290493518947178
317645960544549331248211692017972494556546234705244794940876278299745479640830
863762733339969956633432157389897260150788166393031354855400091625703731695386
66216485390546594137591037379437338364884742091995852699760479107324881345951
597962169531528206878080326515375849737587471523319002521800741074408950794652
212776958252052860388981873323187231896072096747343747333558519212787380012254
525379066746003133160692780242808526108611267532418107017503254108048893114489
839936533854429772748924266476611767514188669449034199998883603616645379761618
1063543750863737513820807985766692227694465438099496297094256245614995780137013
852010846722533408015740705510072430202385752248090307912531830824503706406396
508131765144814804911551188046129288648167009911125744733972485059862067285828
421619821065129590073196637997506882133453405560051247415479735321151973526689
325384350131222436733828705914786580489870115426437151155421208791896167617345
172667969923385893244072131968193867268555142625959765740228596834666835305281
1022252188988209098339368408581855668929734540855904307965426217485041511884555
782411681564202385532054057590703399143760113605676557667013803834343688827328
645141815937266176807119520853259165297404265840570528565939667137043249034474
186825278285761061253049744768455002433343360137529255536124095960023816583158
539737188100042275372627736005697098853006722880710810379019194560742067379627
691223389741087640561611078760193583279402369442194073840076574912129743718628
758015138703350165612508840082455333390159082828772761277190545806661797697061
445096012399294842673160898065821936754225259995959415904614940417972522844801
787600165182596728922283431956573321339290076422333479329545886256629977905636
965850431768977353721837269801958721793561135130565356421647950140273707547160
328255441362987208107737591314471563280810500365733503598427823947046270896881
1083925659867002901204521763508861503668037246065314378372805285894777697085919
580917661810268580176813367647615249268133254230805397014088110907948000474687
1014075150117915849612003519815989669786329589121843570356587264464100047264930
309559255965839077171531028722086123410756703459234855234434966276801501401012
482656522801069344340075911484472611726128883724086723759482792545081908000148
161937037486106070587842591636454577489050375174806742521866250671745583881907
405859661658508022797544842673642916069077623505339978220089346778099896908980
927344455369827585233510107586028034040257110421298105718142863724355231050597
851954277875793594597734137206477740132504758513436431815757456703476231217091
122848907305654298236233000400124462093819789700335734331223393207671297375798
264067090090677290931066757406188755276610688362416298977089860375332154889106
860131881607742213524303853044487268126880347875420120151176585081259750856818
15632326481894822999375712553509739203378129035946038621493598908565626355392
960813375699149284103071440625500983675744594624540191215783662287619534022435
521566904301463598985465548633449502082478298229126679281101444377395226238546
620262344199097222993958647395435080482039146076770399806384243155532235860882
519592770574130109207095368818734329834608325349251851165615838779308554075412
164100952379964998975985544775525050632436621300152413606141843158576622194906
807872121141594869543292633548552970879710961828598557995631821374019513254998
247637292491830300370232039326253885068211524684625896547891722613312604005730
370653840328365522084484833846810002487623025105600969526798364953314885996252
650015478118348541746903544527392545111043592799978193038387533413914731887876
272469796992890670206747297494555385660083905308165276160152175984781380581927
240375341389898494802713474657549883150393933720732184057472778976673492414947
321939517171869351165400632807220216591550837553331278506472624253789858952422
413915703583713827692641060061453820383625644662153272157805128127038100821927
51600015685333173950347698266656181645224438088206667685186874081565886875890
1069717147619118215988119863897765863631856451006517796092660751126779046867857
494522909403166497639430300752073487741172492393823347437531532829314397219594
398125194704826940615629903517759032752282666687026028168456645102981004448865
421353133992790427410407674498405641477653203530581278238544505902053932659128
597144267714077489972257928327757600848437209499241392668265454022506730206036
1098526938727004823089285138191400479584988171745018501029265050088282677276715
60013208124785524672128905551030637953427317263007829538000153458090814245287
483420048532147770051228217151995950253165282726090123514510813577870663925231
48185696848768550061392601432835610323114252674808372523283111285727782695299
1007167524350634269505629618648425033347082609521367980306668424870312326601077
1017322630583939588794218080464568804788196919194634582449829085407423490409787
866288054056349700715746231224368294757043588905258058857109527737124754155961
834227648589889441926288954185441676823330721748051882878077225681119842850196
930246191950719284604489134676542845425172217503005680335979286275224977184701
62380284766785346029830379688794916772399644821962845902271933820347513131844
745766401520761118826594779488608022987061554463783601250236590542015010732831
320244960726169597205151339902743857782390655538376965909323067218764539478218
1104807472737932830601788976990834184630094674459844647428059137319178357979174
658353777104105843789669680041921838305019752003463799204783174505352427132670
656835000405454427562201810498437118024436523160471844137030080504552786387240
1129549677050908987471177918318050622470343775372967796135292482543636300457153
669007058047898020796449004052341088083294682238869818701363152394278611740451
1138462737012579513717386661662753623619436485516688384971037722183156529138932
795020209382048551398936958367293533195551560224375882957509413794595812902656
553035800412287776919757258201278307320950071694955629857751967153665714121248
996050796337965886181498056384318095326389065895261746718851393864304753843722
409182859600618608930713732952963441689437563930844793604271048519425513558179
498247558895945294235241101302601021090486587893781918501612418985498791421066
22799132341224291572223331698752517566065588846363100356296664378349948241836
908688910603405221719598411567277578089384135492512678082195133901058025255064
539756152673605806285773938037904519688439826151821002620443182505745218524077
49270507314047037272160470714608341367269668274331035187472846503007805931163
1093164435096899699616208576026799667434247438385195854113948311354841849058976
73067908178113742306328348933540118997412756161744199645139859331292198372655
670958712524547687128847926698058720846148736791970556373577997643172873593542
1066799813466253583424242869321290095982600225974942698210140870369051788394454
127350952023328543770775707654722095196677564835747636037089651567362422811642
481850304870714850319042164888766224758202899417546986747750113675045090898732
111300667328058844820925171478190603985536067096001438033078985425766190914449
64923723610541857293439616148093745454804084222139705155622650693805437892849
821341494203161824321535656841018463114901050567816046299803568137559322220728
554409571080627726299458102041702413439606906184969798593748720446286644617912
