414243135795280301735806772465848618667019708037310326019632361006074566323400
753419173029314135330524532368397914324922146628924576931546409017702374597813
1073161499243705948247406689100658429270291031181409414284206567697420568517613
344869674206648368180076447698116629764355054910803185886815810329312362203738
185405909564786510197163942282899287457211231930884926951885140390047762131335
549198168312092013892572516398244136964371944816172810732698720747519608403011
1121295774868063374351876187301973717229653404714053105090498343143051764159323
691539015072247522431410689883563184481404778276390170654024362611357095286081
601917384773588278960076145077922871619226005719278283388657011859027476520090
418605303897058185756908540779856937308638848356809288785265089271195317050781
158404531933287719553482943329801574852672257619816869538264187113405223740956
951816197035514789800460538755109057979578292783642808449840946063630816103793
14081552296561253172010316935432765172980580225670664911368760243084157735388
420319286328931521957439000852437667829700893828892004209566209998948743936008
215173606325492776627661403031838657244576389211101747883677011351806474672151
1125307655088504606030896913445432496035927070045770049849493634199682069226328
767266477115688623142941627039264302152110167732742078361125365446505123976760
867187449260087147259452136375926807366393347151063029175813504757117770541774
978114576929997972921286660870116721167148369173401826335371596194003462264850
957843524931611158039928634670439455131092197361825390909964919843534233443591
866005328940967785526542007301656685505820881002394716715584737844994832180355
1029209378131800204730601612172242703105084995623571037391123473243668646799321
289736012622992712431324271222890978817840075551374488576290295405714389791519
493236865542460053876509176179792529596946704172564625118287637950928102233436
93456676064136451814135563641745632058169251764861549050965087182925743050391
586103097109140662472764839827991342184040457120850269692365621952738243570315
1073945299129187945432209441993586572200280101336336945978498954560575487364181
928674865124795062680742479030082834004786018403898675638451704036314421263633
359329064615934232425084378412615369834606262068634769731787539377558117652393
934547078067786027152528740980826820524856133452801798585386977783756251164678
778856594375189111810780295363064654969999876458582367246089032462063595473806
422346910520670364511745406231307414702453636638746291516695414492895843301699
530355707660197006611635955543793340822296700526296361948245577544127288402683
476436837744938263778683289087813072972724603816152220913547639903760257738251
309742581496695710722558510157682729651599431576390112802887247591057952627782
172647101773129404603301276712120218682560052940330844047762345990086085911729
2920292174158009315021135197858235312222010846229441402331548395106553850350
788480334845092776443748937342078861672632491265530484850695172893014528811921
888873335893118156535919897758477531134886795999880539061007542838619353517834
289455276191211858531377933701639284006943829338359309224927428331235614459121
758058263442553368904570762709378505129881737293502945534643571238495192871051
465698146064684644563567594598826112271996667856714173702744312361410004893257
657217026012724119668285471534712204192102467539449250068539489241245698494141
793044288759574244858312788019317125448327734337843809812582881077995038700550
777494475599952884631583480223945152904421842959506683281193424441849754471065
1130678860140401319106566528707767348842297986142772870710708172082850671601625
905645109778738784916426190205879853339083864870165668246458607240121850435647
369707647493604799882949381203138872223512473977688516259314960658898456325625
901759545250873887670147997502332769102437945092747085222412345431823716071665
257330226806476449654061967940872537532233088874631368591502306261024901854062
1098421172178479622176122090156107881068019239562377187626187144725805656075511
380808078668636912193355907149136544809029060932511204555000233943695543707108
1035132716930057844346263415654868863361001805179737087515635844503268803009685
232230905526296639887232127343848668242625741521068828023798661920254104955775
245104576138602837470340852613273647944063577196153749353849340314655835874548
44414883605349832997850080682916425456691249684760104439108468391796587525295
953092237293942669589228714630675585087397960400256189841730052541047510416480
534121722092371702501303612720884263031213738079248128738817935742494624014678
512225620931426834374118179539190957141657048739760483102828678899738900409124
83686422801296762135041118938787266099589629075820230582899503436857793495592
126842870628505277704577086586061421216442320326877375020498578160637886047486
376657077827333137147847210895371388738413881376873530807195218969318912550078
784091976443426367597536513141900532075538332090225330583815571174960693376089
293323840015893072102313183947314905572819834486369740754368139122265441866573
345824805037958215305703176804784246709445980601187331460240364704275384114130
3664411731375274683848049955119322458696566024116846400543793856871985920242
547260890869215277476667845792057539248483317801152523629407543210344557801179
229132102306322236206208186595542487211375362767771482037623648649054905543510
1124886849935958342566039886071192095186792170232355388883373778906134653228182
1035395303256545066205458228254911294089568981892830314268271703726635624317036
851440984483696578031829302985587397245800340130734527656318375813487305690249
178764665604653756997442490634294674514496853230353203540009128083308169963545
919391038784067152688586260951187162361870846172546731997877046466927134720739
1081503097692838945505043991655533713721871507215658172134893916911850435122755
24905050125969586399441757130127585532446817659243434836513032000498204399285
332632089569690942940095860487686794212087095911740053840699645222082656697153
985037203772059296210836065642235282112841175685496757974816507230185573101497
294434735355972770122467974018293006250452839861978924817534823138072017782015
1076039263218215298701842134528210460600050128320769994813561720738190820369238
474441762080458303709271077333549152401602281746238246963440774782235800746941
625952794612630375357432690320420527011502916672412885388895868616661517649453
422643991365912531937111649190709956720414818190947086411509971349474432470426
1138196253286977903165465408015918100739008241855046610748560839292189720661068
50158793826122507962922430690344879079870695055594545414738360702991354892142
948719981907762165196812724650478583253523345140784438083728855993863228966941
762743289212498433919365779100207845081563496088087573131019510756292182865082
361254870123767468713698819566380161224432007850879908152849256922965716525290
33156393805226858290690818885944197570388270082854125975832982604509471667421
154692663067148793057408430924787875960821614286097162956687224413891854531838
314322879243802388537156124356888064718798841785910613396026520812423725892752
594330777241593298251950132363585533139967524777223425771514931126998733312566
432318710784125483003309745019614325487052678512495058599342520210360918330142
901083431608465166795515784659539556375959685314155194326805810975124255234879
33507821701482950557544430724496384574115127260041449424836284692481192935006
189096015068227078083603144461232386971439457479307899792901987554113636326970
649437240714025287353812030767790706903919708516083951727572907777206944328511
488739031575355772129405054695028857045720324842999186468296864455510782306999
200926782668853868019153471507559821219796044167973128365606883373796942141391
923365062334216866053407262769698849997704267122653198736050889811179814559280
476262438031527901251177407495342243450433902718632341888720129575485264324324
