753176920221631770702237402087965252299402073215647135643030983667806896415750
805064715809685791415658469440129732122100799641488190403292624522026137611411
824447652422866623139921280829149729767514455529677138883933331524420122027891
324849106374263513009384491900895800555527365668863809390429300515308178006770
690210382233584468141584623278065075719555843709643625235564433648810329740201
1085962251286821942449910333090115010372496917927137484119680382901352074334521
533699964214552968780250839926735717787951602819062461398060349287605961653891
836916439419768470517016613732503476332654173201262702404300981549140029185571
67609614834018732321190163922044379972234894210610479251966858354656137528441
141813217167861152339240762487488679383148806698432739426436431520175072906181
833769969387108496207951759766092394548464370874105619294750576222689120817260
1114717451540914554458512664505956078132333804160538435157475469735776867127481
287081057409142771608556445970513211552672126378083246437258112506272591857240
227633150571922455037358378008549111132094010539119499451498612646951636985250
96142169046221742303676583790202466703611879809563574611022623010058697574031
822953237154139918228704212215562711515119586164160463247038442776517607665571
740457849684899116744599622749601602352240637160720233116242427285040581489670
278529495414496827826888062059663115786638069289053138885561891362961904542220
147611960579399079520570501733297234588944711950386629396873940483133163282490
755381713887921378000707062426108771593067790780823865738713351865757973839891
80045187467128659702632642620320885028308950998780883339645380102966609479751
497772284318402130556193023992199215013934307267507337659826231382381744894510
430784899499359473442053884972625841576758680832103487903816220920596688232960
911346286295251682732654098777945423941387085228229358157112403727182510424401
117771810416112414765118578973725125486563427267236013166372660559384443665860
200017128142747781950868430041108910800487879466463475253184220203609963143870
16558605925551031920700307305121302076424980467818266247761920063944033405221
976263481358697031890518245789403248015994641455846858306472689794924955625550
948849139314985902031135553378919166372051632547841385766741364804529605149581
197998675894176886429613946882131244864436787812280610492554211123790629212450
244279925358115104813845812740902499242195292683548300850642778654639334140201
1116235951141345897886029767267933120356488071594129230647067656590913361327550
601200977123186136722541076547436782634687499480931586715563472010176427099240
594012523579304073936157075706000784190502974664403310186959182733228071072980
758102758841999154753671318797195132193636977512591045219921264562803637842650
249432996067751519390043940911291164562092743135542379808401375795699331793381
913961282073981960649851061910606848908802501727825541779581684727255508647871
124596333308172055183609767754073646045787701977361953768423675063045954889590
897330062160958880973948274722051524320805933091454582451586714126934994165971
760844092252821009442759639549424638987100014968121315549527963621602389674561
241559017626174562671246592346471949127658708713239596677636878373822883998470
743142442407250596873827714168840800201691217892899832222388851382223503910730
165229657110035410230549379944976597166500540000351144669146927559681772855381
823666019272144361584937646265656148174526443771500853655782769797029343797051
717310075603177426006362449716908063049576729508085645446644450431938004019840
90284680748128119796580629400582317732895862175419772861532924353931775932440
586814175222706740331659792186926862422610477257683349535426627299599383262931
591296741015239905791133291487182533427371679795271808856464768993169123049420
423117394913236651196607128739358848155361801377153448652390569440158397513981
84899508968338104086274947572332388156538149024972385522243076098169418714710
881016786285661336866068151186425175075197285226218348342937930558426345393010
1095822850679144134872010226785492800127072001522012376411377681366883420563790
992791188926739988889852992046185931539726084561332730246944049655091595858991
865679201236125457166835158571757477849049402599727452723643027939977261476951
357166482497459707051492914169884249745406727700997725046737585332610045303860
573869042679304973259105595930519704408493220706671708470550683796902040027170
799286602452294063560779460963067526217164951152494300788050246176447057826281
518585229932043763559031518046047795752996148567434694813923612601035502254430
955641086094693956375182360148008687417757164385101128568598774313016213317390
346931423887862952881383132148686558856530498312178812227462517415828681155051
1009902752189096993088771039898914477981470314248611673560312594092209430818670
110299492409448704601353659694147876225891621918556333315262055320033138785570
208513812680752173093800428145926545465269558752672364225842629360862891560981
74763759226355347954688326157371125995391441280975748071557409239111231086991
311475506858024003495345426760366315496911326987203711730114908053108338420041
19827553790759212912970107523608025461398962928631965889694570665440469568140
61705413367967455737580105096338219252902735534925711149861754043601794543840
1033751542653224280480352382631693290957166156734192572527703245534655785915641
345352936778013323459521369069453275494781348238296073089842581078969544584450
633477950940546446247637236514043599659617053861194812728101727899862616688740
855338020074859816914651518958134810668362064904179302064232600092463735095920
778538901335710825135755994481654789337398625462651839635658107641648399146390
718646598221712498284191672805506270895046864213303052900790945446326519035271
261269541294349716666048749100437712763793233788582261081335027973466302065330
894527076622015505239166035363938130621814129622126485220833575122415434852121
486845075692900952159539048191002906495377027921107640633575456468730446893740
351449075099878460804723199092543671173534077363971963119301153650456777274690
361729342131164634312643830948985037843035866098948153414957239358286602751260
574347932002892826804516539308317596310485116523716275279156743709065991892120
58753921727465727683518090160319760819173304194029998238041920763194736040640
81368758997462985584921504798382313330139165189864601654538398575852869808241
4053287662639749678256113156720331922203732465735586382960366965758515165361
748172852130356830708251960031968635554666308456213363292505879620050854445421
914013468632963470985873560035195840765739636993051416674649448146262649911421
7217731732221360081004474845466145358808284888017931712730958531304957038500
786277414298270837667769878228869007839122126124835567124224429888703464816541
231489770029444575844564629345502255898359911846887708645621740856466978254181
18706902501277783664548967676362342325570458745685836202260249594067342794960
156418301287418744808736497859500252831490777436525204304921185588067746421561
528085588840009822621919544362046754206898547790555547007219028409132875082671
720008807103106342312366464470716778982080967664859297172561649069814476417851
982857488218360704399068804288554949877990299720479808462923793507791606283900
832496439373368341137952554812923703147667152019277710277891727791808189139891
387832732094711123495468729858614246006775612939383314899386882849036782005220
43403460388732201139880814534309950495004158174792989653315356738663470439450
250983460823726647568267601213979630414905034080305051126831482344232525299641
987733598393512561687610005227678052766477754737773488378839309452981037856370
235085473875894686299057188102403362788235429308475613175669044047092682876920
789448941689858353388839846694666735983171556704717876467626844904475094705641
773812504198027942241301627726850592565544239373034195414200725479316630555881
308949166079546984930029182214177302308472938399301020019213211973626734139251
308604547483512378016989638593223241095364126984770209159596177427378297218151
460108739537957237013901235597280024677027159946906921045382493217490224302780
627112495699917532316781717680303972504207395612317555763475232809836506733900
554065820693838936429809638639103064722270233103412193685336234816703605668740
1084117592692300108103061796785485868751467196222179627428064591959352214363131
573402936283062310087749834839677451107063735129180599138739212084469242481660
898471803672713587286288635089409223683426955611958798593759601977838044606320
1097755516097974751768960651580723504939363071027011116209026201174003346978451
472078938201437716937883596335942936583398478080452413037384753168498576093001
79388101222013492897197588875937477858503909431630022525131493175834128695150
797925339864171142854933383134045338302175315237351679435580200836547189383701
164233284725170662251532406458866478985246456212483283114700127611326313877521
11353427647454460164425523681830281491901603477348740513087185869844677305971
778909968289494982805685396295815467543309872449106843094683988974352078908921
943460725073915947646427448841972784472527926776174535280058737526016671838220
586735520111518602984562541955618765951107748052407515121666436247770482673131
1078785061152284530517142022315527405417430370055764436331160860481701101694500
1063191380852533840213168921328556545211279501628905103965424978533060993130221
481336421241136165324696822816356194906285379848520487755960563682454879180040
537150752935335459479514240035010802316489542945338050089093983917117209462310
907742978587253166279389878582958961170523162742109949519599522090503417515180
887070030087959977846755135874011221217192951549169634286857255868392019307881
587867685785264672642470416419037770993926424117516767656660670548820212729441
775531870229997557357314191728858161880579424629734461698577979890079282017451
48150273350633182779439729959330471774862808797861454018605258672797680112090
18214546034005292840038612219624465253905980402181405663658082422312548298481
91043786640251343452244840406600786867744613151079005354557963378522697776051
149730661874150552364776110875338323969145246391250729305649413569694984587900
887841322920827538651421410811992151081234752184834485176255107510487193007031
731274987242676558510509922518328066336457188545958661863597994227165624680090
366934028936687151900795912914999391528251153634693512086750426077425201651871
647386631162201025592372295955429602360819441539426060518410002368406112001180
989759988233023554662591596074787475461762403298780451166690999077029078386691
302083530199493006392035426421719972418054705689260835356694292680590431441760
785008486417132259244148256782652718646606554418894906655072792147408135098750
662093948720511159709227015210733077873453425193001129643785338310884028020060
68682284640907662448780107442882067006168369445304121025832052373093347658731
892203767270180031090262465427856130206283671803641497589876676635353945691800
55363959236819423897772398448080917790231844615102704836679804574679582652191
987087741292125462446786574905596202820798487602274136536073443337748560750771
463489172343153300363639871374033399198273969785509804930500572638962925677081
426520050911835575627004456013401394074257199150971513837760479894291669378820
884698207756021880714849414713486184269374091651928420420178371537748492622731
149063250861255576899389005939384763782890153032981769900589678631392176590010
626056694053164344013617874012481133203618764994267412689939665207618268756801
37252333283313156869635935311936618599902566541485468960675094454554482155480
412372918022282640412092752391309342209790515125699920151978457898325135996531
747714305323954285956253371310761035438145565193133846365881766416106176767020
348456122353816112835021338518791184084988440828939576840593839437417538644441
908455613302717957694794582118814332410708343100878363240306977585803217918341
96622501153168682944702287530319302439913755853429122433157669122682844904950
254711474052625902497956783112152498195406277045209800862988869317591290472290
580269826834805027375217140244202469823409834630563809022297127912612433062741
528771090610710801418230206920721192957482244323335315933864570750489616039060
835288808973109120550541922312844924490395065315840474380879537223897560375820
55897033993970136392504497981540292933802984592901181789474182695442279498190
847383413025201518624932686847998710555529279176597474306803824287573037649310
1154111778090226819606647355128364049453478615002517364271576804635860967433561
186181954740510509095935760155395916185180293147915109967592884846299808683640
67268855670334732636122981673257363654334259638057901548035160000031177033300
750680257723289794056374487075180929915383889341910206051149933222035526567550
86086261106731274882319338900528497406680866655182011176781385877355142450561
215730188303117452646905152520226549435216862460659329262614767898144192444080
14300263549860216649871328564129808392591155948913162073374148441233305996551
907881971010900286484512603753638692252897110811953265013337045127913013850650
158857644009018132488746921748841689013108660439603240497912304688362655789670
1012971409965625972187178337504245712754646371565985198462087971236387840730311
692291295981293229449668437302191640238071791271252415114375558659013671387920
1113986116485041817612176096154176687011491871111525222867456470700474136049670
642035045796413535640085657328520249807591644354402988605894106816428227152670
1105065359357035942376474035806205911382049678720707947207653222997094102930931
962687708872654436583329050858675287603404019901263150420180904424701953355921
47646583795616042112016849219245739714976666831006375114322206370160190685280
253520519904364172556647323171235497179274883186503690463590436340368829937260
943709256819392571435363949366233687249555220412247329214308253932647821345470
85326749996985864440240654012644283704116920552390306269335068817541452099691
528671800474214265683846882650037026703308777710252069293369573283947887194941
849236889197933821410822832893099121789545325436255540716501411675104805836520
44919547845185356171093004707642349133334575892648279584288016688979917614430
935874932759012849382546195693679543939939726361742110800267703292182157185631
860729457493986531800491218210533377551267089207440113412605954473028752072050
591366261485559800642251445197261324082055049426086462901513141928994000692330
1078926078056111312882867204886630480854304177832764280296335765975048232428590
37324313184453612892211432330544396340111251967953653535767682034859921503861
30204543478734371558545515829389454093547683978584343617224689666610349905240
550819928660011240432802632645696656418936007477043622818342398730958572557311
230750424687265164937157091184161835204997917190868743390281694478455943164201
844120047088471414739284831163679218078788270941175739720266169236515940184220
580666695960667711227810273938044067555661191693636399096238209834638940734170
583584706709752844705895678113012289841450220047362316004481550406678133521371
422600343193734504868359383521728171302501759135090683827522526101445286431291
784668257132438407880124203333842368135999835377013985539914132342493658111100
1075619167685425533548763921358943384444477822377723978592960253541050408429011
253974660020228219441641210019711166891497415332586062299008161346679076909171
1156055702630012496803215664509884952217867725834297233969720435398400003984011
857261354258755937470305256819983916947324427774349126526594427861272838195001
911123131417292052635893640386746541352293620711814294298563178664749587492800
1130549694783813893703710175871793063046780554973538834400977682933387762660271
810620850117418807707963986060350420215090822709678094203190217906060154263110
